              0      0.68778525       1.1510565       1.2510565      0.98778525             0.5     0.012214748     -0.25105652     -0.15105652      0.31221475               1               0
              0      0.63654935       1.0681551       1.1681551      0.93654935             0.5     0.063450651     -0.16815508    -0.068155083      0.36345065               1          0.0025
              0      0.58977956      0.99247998         1.09248      0.88977956             0.5      0.11022044    -0.092479979    0.0075200213      0.41022044               1           0.005
              0      0.54708659       0.9234013       1.0234013      0.84708659             0.5      0.15291341    -0.023401301     0.076598699      0.45291341               1          0.0075
              0      0.50811507      0.86034406      0.96034406      0.80811507             0.5      0.19188493     0.039655945      0.13965594      0.49188493               1            0.01
              0      0.47254061      0.80278337      0.90278337      0.77254061             0.5      0.22745939     0.097216634      0.19721663      0.52745939               1          0.0125
              0      0.44006709      0.75024011      0.85024011      0.74006709             0.5      0.25993291      0.14975989      0.24975989      0.55993291               1           0.015
              0      0.41042422      0.70227693      0.80227693      0.71042422             0.5      0.28957578      0.19772307      0.29772307      0.58957578               1          0.0175
              0      0.38336524      0.65849459      0.75849459      0.68336524             0.5      0.31663476      0.24150541      0.34150541      0.61663476               1            0.02
              0      0.35866494      0.61852866      0.71852866      0.65866494             0.5      0.34133506      0.28147134      0.38147134      0.64133506               1          0.0225
              0       0.3361177      0.58204647      0.68204647       0.6361177             0.5       0.3638823      0.31795353      0.41795353       0.6638823               1           0.025
              0      0.31553586      0.54874435      0.64874435      0.61553586             0.5      0.38446414      0.35125565      0.45125565      0.68446414               1          0.0275
              0      0.29674809       0.5183451       0.6183451      0.59674809             0.5      0.40325191       0.3816549       0.4816549      0.70325191               1            0.03
              0      0.27959801      0.49059568      0.59059568      0.57959801             0.5      0.42040199      0.40940432      0.50940432      0.72040199               1          0.0325
              0      0.26394286      0.46526511      0.56526511      0.56394286             0.5      0.43605714      0.43473489      0.53473489      0.73605714               1           0.035
              0      0.24965233      0.44214256      0.54214256      0.54965233             0.5      0.45034767      0.45785744      0.55785744      0.75034767               1          0.0375
              0      0.23660748      0.42103554      0.52103554      0.53660748             0.5      0.46339252      0.47896446      0.57896446      0.76339252               1            0.04
              0      0.22469971      0.40176838      0.50176838      0.52469971             0.5      0.47530029      0.49823162      0.59823162      0.77530029               1          0.0425
              0      0.21382992      0.38418069      0.48418069      0.51382992             0.5      0.48617008      0.51581931      0.61581931      0.78617008               1           0.045
              0      0.20390763      0.36812607      0.46812607      0.50390763             0.5      0.49609237      0.53187393      0.63187393      0.79609237               1          0.0475
              0      0.19485024      0.35347091      0.45347091      0.49485024             0.5      0.50514976      0.54652909      0.64652909      0.80514976               1            0.05
              0      0.18658236       0.3400932       0.4400932      0.48658236             0.5      0.51341764       0.5599068       0.6599068      0.81341764               1          0.0525
              0      0.17903517      0.32788159      0.42788159      0.47903517             0.5      0.52096483      0.57211841      0.67211841      0.82096483               1           0.055
              0      0.17214585      0.31673444      0.41673444      0.47214585             0.5      0.52785415      0.58326556      0.68326556      0.82785415               1          0.0575
              0      0.16585706      0.30655897      0.40655897      0.46585706             0.5      0.53414294      0.59344103      0.69344103      0.83414294               1            0.06
              0      0.16011645      0.29727047      0.39727047      0.46011645             0.5      0.53988355      0.60272953      0.70272953      0.83988355               1          0.0625
              0      0.15487624      0.28879162      0.38879162      0.45487624             0.5      0.54512376      0.61120838      0.71120838      0.84512376               1           0.065
              0       0.1500928      0.28105186      0.38105186       0.4500928             0.5       0.5499072      0.61894814      0.71894814       0.8499072               1          0.0675
              0      0.14572633      0.27398675      0.37398675      0.44572633             0.5      0.55427367      0.62601325      0.72601325      0.85427367               1            0.07
              0      0.14174047      0.26753749      0.36753749      0.44174047             0.5      0.55825953      0.63246251      0.73246251      0.85825953               1          0.0725
              0      0.13810205       0.2616504       0.3616504      0.43810205             0.5      0.56189795       0.6383496       0.7383496      0.86189795               1           0.075
              0      0.13478078      0.25627648      0.35627648      0.43478078             0.5      0.56521922      0.64372352      0.74372352      0.86521922               1          0.0775
              0      0.13174902      0.25137099      0.35137099      0.43174902             0.5      0.56825098      0.64862901      0.74862901      0.86825098               1            0.08
              0      0.12898153      0.24689309      0.34689309      0.42898153             0.5      0.57101847      0.65310691      0.75310691      0.87101847               1          0.0825
              0      0.12645527      0.24280553      0.34280553      0.42645527             0.5      0.57354473      0.65719447      0.75719447      0.87354473               1           0.085
              0      0.12414923      0.23907427      0.33907427      0.42414923             0.5      0.57585077      0.66092573      0.76092573      0.87585077               1          0.0875
              0      0.12204419      0.23566825      0.33566825      0.42204419             0.5      0.57795581      0.66433175      0.76433175      0.87795581               1            0.09
              0      0.12012265      0.23255913      0.33255913      0.42012265             0.5      0.57987735      0.66744087      0.76744087      0.87987735               1          0.0925
              0      0.11836861      0.22972103      0.32972103      0.41836861             0.5      0.58163139      0.67027897      0.77027897      0.88163139               1           0.095
              0      0.11676746      0.22713031      0.32713031      0.41676746             0.5      0.58323254      0.67286969      0.77286969      0.88323254               1          0.0975
              0      0.11530587      0.22476543      0.32476543      0.41530587             0.5      0.58469413      0.67523457      0.77523457      0.88469413               1             0.1
              0       0.1139717      0.22260668      0.32260668       0.4139717             0.5       0.5860283      0.67739332      0.77739332       0.8860283               1          0.1025
              0      0.11275382      0.22063611      0.32063611      0.41275382             0.5      0.58724618      0.67936389      0.77936389      0.88724618               1           0.105
              0      0.11164209       0.2188373       0.3188373      0.41164209             0.5      0.58835791       0.6811627       0.7811627      0.88835791               1          0.1075
              0      0.11062728       0.2171953       0.3171953      0.41062728             0.5      0.58937272       0.6828047       0.7828047      0.88937272               1            0.11
              0      0.10970092      0.21569642      0.31569642      0.40970092             0.5      0.59029908      0.68430358      0.78430358      0.89029908               1          0.1125
              0      0.10885532       0.2143282       0.3143282      0.40885532             0.5      0.59114468       0.6856718       0.7856718      0.89114468               1           0.115
              0      0.10808342      0.21307925      0.31307925      0.40808342             0.5      0.59191658      0.68692075      0.78692075      0.89191658               1          0.1175
              0      0.10737881      0.21193916      0.31193916      0.40737881             0.5      0.59262119      0.68806084      0.78806084      0.89262119               1            0.12
              0      0.10673561      0.21089845      0.31089845      0.40673561             0.5      0.59326439      0.68910155      0.78910155      0.89326439               1          0.1225
              0      0.10614848      0.20994846      0.30994846      0.40614848             0.5      0.59385152      0.69005154      0.79005154      0.89385152               1           0.125
              0      0.10561253      0.20908127      0.30908127      0.40561253             0.5      0.59438747      0.69091873      0.79091873      0.89438747               1          0.1275
              0       0.1051233      0.20828968      0.30828968       0.4051233             0.5       0.5948767      0.69171032      0.79171032       0.8948767               1            0.13
              0      0.10467672      0.20756709      0.30756709      0.40467672             0.5      0.59532328      0.69243291      0.79243291      0.89532328               1          0.1325
              0      0.10426906      0.20690748      0.30690748      0.40426906             0.5      0.59573094      0.69309252      0.79309252      0.89573094               1           0.135
              0      0.10389693      0.20630537      0.30630537      0.40389693             0.5      0.59610307      0.69369463      0.79369463      0.89610307               1          0.1375
              0      0.10355725      0.20575575      0.30575575      0.40355725             0.5      0.59644275      0.69424425      0.79424425      0.89644275               1            0.14
              0      0.10324717      0.20525403      0.30525403      0.40324717             0.5      0.59675283      0.69474597      0.79474597      0.89675283               1          0.1425
              0      0.10296412      0.20479605      0.30479605      0.40296412             0.5      0.59703588      0.69520395      0.79520395      0.89703588               1           0.145
              0      0.10270575      0.20437799      0.30437799      0.40270575             0.5      0.59729425      0.69562201      0.79562201      0.89729425               1          0.1475
              0      0.10246989      0.20399637      0.30399637      0.40246989             0.5      0.59753011      0.69600363      0.79600363      0.89753011               1            0.15
              0       0.1022546      0.20364801      0.30364801       0.4022546             0.5       0.5977454      0.69635199      0.79635199       0.8977454               1          0.1525
              0      0.10205807      0.20333003      0.30333003      0.40205807             0.5      0.59794193      0.69666997      0.79666997      0.89794193               1           0.155
              0      0.10187867      0.20303975      0.30303975      0.40187867             0.5      0.59812133      0.69696025      0.79696025      0.89812133               1          0.1575
              0      0.10171491      0.20277479      0.30277479      0.40171491             0.5      0.59828509      0.69722521      0.79722521      0.89828509               1            0.16
              0      0.10156543      0.20253291      0.30253291      0.40156543             0.5      0.59843457      0.69746709      0.79746709      0.89843457               1          0.1625
              0      0.10142897      0.20231213      0.30231213      0.40142897             0.5      0.59857103      0.69768787      0.79768787      0.89857103               1           0.165
              0      0.10130441      0.20211058      0.30211058      0.40130441             0.5      0.59869559      0.69788942      0.79788942      0.89869559               1          0.1675
              0      0.10119071      0.20192661      0.30192661      0.40119071             0.5      0.59880929      0.69807339      0.79807339      0.89880929               1            0.17
              0      0.10108692      0.20175867      0.30175867      0.40108692             0.5      0.59891308      0.69824133      0.79824133      0.89891308               1          0.1725
              0      0.10099217      0.20160537      0.30160537      0.40099217             0.5      0.59900783      0.69839463      0.79839463      0.89900783               1           0.175
              0      0.10090569      0.20146543      0.30146543      0.40090569             0.5      0.59909431      0.69853457      0.79853457      0.89909431               1          0.1775
              0      0.10082674       0.2013377       0.3013377      0.40082674             0.5      0.59917326       0.6986623       0.7986623      0.89917326               1            0.18
              0      0.10075468      0.20122109      0.30122109      0.40075468             0.5      0.59924532      0.69877891      0.79877891      0.89924532               1          0.1825
              0      0.10068889      0.20111465      0.30111465      0.40068889             0.5      0.59931111      0.69888535      0.79888535      0.89931111               1           0.185
              0      0.10062884      0.20101749      0.30101749      0.40062884             0.5      0.59937116      0.69898251      0.79898251      0.89937116               1          0.1875
              0      0.10057403       0.2009288       0.3009288      0.40057403             0.5      0.59942597       0.6990712       0.7990712      0.89942597               1            0.19
              0      0.10052399      0.20084784      0.30084784      0.40052399             0.5      0.59947601      0.69915216      0.79915216      0.89947601               1          0.1925
              0      0.10047832      0.20077393      0.30077393      0.40047832             0.5      0.59952168      0.69922607      0.79922607      0.89952168               1           0.195
              0      0.10043662      0.20070647      0.30070647      0.40043662             0.5      0.59956338      0.69929353      0.79929353      0.89956338               1          0.1975
              0      0.10039856      0.20064489      0.30064489      0.40039856             0.5      0.59960144      0.69935511      0.79935511      0.89960144               1             0.2
              0      0.10036382      0.20058868      0.30058868      0.40036382             0.5      0.59963618      0.69941132      0.79941132      0.89963618               1          0.2025
              0      0.10033211      0.20053736      0.30053736      0.40033211             0.5      0.59966789      0.69946264      0.79946264      0.89966789               1           0.205
              0      0.10030316      0.20049052      0.30049052      0.40030316             0.5      0.59969684      0.69950948      0.79950948      0.89969684               1          0.2075
              0      0.10027673      0.20044776      0.30044776      0.40027673             0.5      0.59972327      0.69955224      0.79955224      0.89972327               1            0.21
              0      0.10025261      0.20040873      0.30040873      0.40025261             0.5      0.59974739      0.69959127      0.79959127      0.89974739               1          0.2125
              0      0.10023059      0.20037311      0.30037311      0.40023059             0.5      0.59976941      0.69962689      0.79962689      0.89976941               1           0.215
              0      0.10021049      0.20034058      0.30034058      0.40021049             0.5      0.59978951      0.69965942      0.79965942      0.89978951               1          0.2175
              0      0.10019214      0.20031089      0.30031089      0.40019214             0.5      0.59980786      0.69968911      0.79968911      0.89980786               1            0.22
              0      0.10017539      0.20028379      0.30028379      0.40017539             0.5      0.59982461      0.69971621      0.79971621      0.89982461               1          0.2225
              0      0.10016011      0.20025906      0.30025906      0.40016011             0.5      0.59983989      0.69974094      0.79974094      0.89983989               1           0.225
              0      0.10014615      0.20023648      0.30023648      0.40014615             0.5      0.59985385      0.69976352      0.79976352      0.89985385               1          0.2275
              0      0.10013341      0.20021586      0.30021586      0.40013341             0.5      0.59986659      0.69978414      0.79978414      0.89986659               1            0.23
              0      0.10012178      0.20019705      0.30019705      0.40012178             0.5      0.59987822      0.69980295      0.79980295      0.89987822               1          0.2325
              0      0.10011117      0.20017987      0.30017987      0.40011117             0.5      0.59988883      0.69982013      0.79982013      0.89988883               1           0.235
              0      0.10010148      0.20016419      0.30016419      0.40010148             0.5      0.59989852      0.69983581      0.79983581      0.89989852               1          0.2375
              0      0.10009263      0.20014988      0.30014988      0.40009263             0.5      0.59990737      0.69985012      0.79985012      0.89990737               1            0.24
              0      0.10008456      0.20013681      0.30013681      0.40008456             0.5      0.59991544      0.69986319      0.79986319      0.89991544               1          0.2425
              0      0.10007719      0.20012489      0.30012489      0.40007719             0.5      0.59992281      0.69987511      0.79987511      0.89992281               1           0.245
              0      0.10007046        0.200114        0.300114      0.40007046             0.5      0.59992954        0.699886        0.799886      0.89992954               1          0.2475
              0      0.10006432      0.20010407      0.30010407      0.40006432             0.5      0.59993568      0.69989593      0.79989593      0.89993568               1            0.25
              0      0.10005871      0.20009499      0.30009499      0.40005871             0.5      0.59994129      0.69990501      0.79990501      0.89994129               1          0.2525
              0      0.10005359      0.20008671      0.30008671      0.40005359             0.5      0.59994641      0.69991329      0.79991329      0.89994641               1           0.255
              0      0.10004892      0.20007915      0.30007915      0.40004892             0.5      0.59995108      0.69992085      0.79992085      0.89995108               1          0.2575
              0      0.10004466      0.20007226      0.30007226      0.40004466             0.5      0.59995534      0.69992774      0.79992774      0.89995534               1            0.26
              0      0.10004076      0.20006596      0.30006596      0.40004076             0.5      0.59995924      0.69993404      0.79993404      0.89995924               1          0.2625
              0      0.10003721      0.20006021      0.30006021      0.40003721             0.5      0.59996279      0.69993979      0.79993979      0.89996279               1           0.265
              0      0.10003397      0.20005496      0.30005496      0.40003397             0.5      0.59996603      0.69994504      0.79994504      0.89996603               1          0.2675
              0      0.10003101      0.20005017      0.30005017      0.40003101             0.5      0.59996899      0.69994983      0.79994983      0.89996899               1            0.27
              0       0.1000283       0.2000458       0.3000458       0.4000283             0.5       0.5999717       0.6999542       0.7999542       0.8999717               1          0.2725
              0      0.10002584       0.2000418       0.3000418      0.40002584             0.5      0.59997416       0.6999582       0.7999582      0.89997416               1           0.275
              0      0.10002358      0.20003816      0.30003816      0.40002358             0.5      0.59997642      0.69996184      0.79996184      0.89997642               1          0.2775
              0      0.10002153      0.20003483      0.30003483      0.40002153             0.5      0.59997847      0.69996517      0.79996517      0.89997847               1            0.28
              0      0.10001965       0.2000318       0.3000318      0.40001965             0.5      0.59998035       0.6999682       0.7999682      0.89998035               1          0.2825
              0      0.10001794      0.20002903      0.30002903      0.40001794             0.5      0.59998206      0.69997097      0.79997097      0.89998206               1           0.285
              0      0.10001638       0.2000265       0.3000265      0.40001638             0.5      0.59998362       0.6999735       0.7999735      0.89998362               1          0.2875
              0      0.10001495      0.20002419      0.30002419      0.40001495             0.5      0.59998505      0.69997581      0.79997581      0.89998505               1            0.29
              0      0.10001364      0.20002208      0.30002208      0.40001364             0.5      0.59998636      0.69997792      0.79997792      0.89998636               1          0.2925
              0      0.10001246      0.20002015      0.30002015      0.40001246             0.5      0.59998754      0.69997985      0.79997985      0.89998754               1           0.295
              0      0.10001137       0.2000184       0.3000184      0.40001137             0.5      0.59998863       0.6999816       0.7999816      0.89998863               1          0.2975
              0      0.10001038      0.20001679      0.30001679      0.40001038             0.5      0.59998962      0.69998321      0.79998321      0.89998962               1             0.3
              0      0.10000947      0.20001533      0.30001533      0.40000947             0.5      0.59999053      0.69998467      0.79998467      0.89999053               1          0.3025
              0      0.10000865      0.20001399      0.30001399      0.40000865             0.5      0.59999135      0.69998601      0.79998601      0.89999135               1           0.305
              0      0.10000789      0.20001277      0.30001277      0.40000789             0.5      0.59999211      0.69998723      0.79998723      0.89999211               1          0.3075
              0      0.10000721      0.20001166      0.30001166      0.40000721             0.5      0.59999279      0.69998834      0.79998834      0.89999279               1            0.31
              0      0.10000658      0.20001064      0.30001064      0.40000658             0.5      0.59999342      0.69998936      0.79998936      0.89999342               1          0.3125
              0        0.100006      0.20000972      0.30000972        0.400006             0.5        0.599994      0.69999028      0.79999028        0.899994               1           0.315
              0      0.10000548      0.20000887      0.30000887      0.40000548             0.5      0.59999452      0.69999113      0.79999113      0.89999452               1          0.3175
              0        0.100005       0.2000081       0.3000081        0.400005             0.5        0.599995       0.6999919       0.7999919        0.899995               1            0.32
              0      0.10000457      0.20000739      0.30000739      0.40000457             0.5      0.59999543      0.69999261      0.79999261      0.89999543               1          0.3225
              0      0.10000417      0.20000675      0.30000675      0.40000417             0.5      0.59999583      0.69999325      0.79999325      0.89999583               1           0.325
              0      0.10000381      0.20000616      0.30000616      0.40000381             0.5      0.59999619      0.69999384      0.79999384      0.89999619               1          0.3275
              0      0.10000347      0.20000562      0.30000562      0.40000347             0.5      0.59999653      0.69999438      0.79999438      0.89999653               1            0.33
              0      0.10000317      0.20000513      0.30000513      0.40000317             0.5      0.59999683      0.69999487      0.79999487      0.89999683               1          0.3325
              0      0.10000289      0.20000468      0.30000468      0.40000289             0.5      0.59999711      0.69999532      0.79999532      0.89999711               1           0.335
              0      0.10000264      0.20000428      0.30000428      0.40000264             0.5      0.59999736      0.69999572      0.79999572      0.89999736               1          0.3375
              0      0.10000241       0.2000039       0.3000039      0.40000241             0.5      0.59999759       0.6999961       0.7999961      0.89999759               1            0.34
              0       0.1000022      0.20000356      0.30000356       0.4000022             0.5       0.5999978      0.69999644      0.79999644       0.8999978               1          0.3425
              0      0.10000201      0.20000325      0.30000325      0.40000201             0.5      0.59999799      0.69999675      0.79999675      0.89999799               1           0.345
              0      0.10000183      0.20000297      0.30000297      0.40000183             0.5      0.59999817      0.69999703      0.79999703      0.89999817               1          0.3475
              0      0.10000167      0.20000271      0.30000271      0.40000167             0.5      0.59999833      0.69999729      0.79999729      0.89999833               1            0.35
              0      0.10000153      0.20000247      0.30000247      0.40000153             0.5      0.59999847      0.69999753      0.79999753      0.89999847               1          0.3525
              0       0.1000014      0.20000226      0.30000226       0.4000014             0.5       0.5999986      0.69999774      0.79999774       0.8999986               1           0.355
              0      0.10000127      0.20000206      0.30000206      0.40000127             0.5      0.59999873      0.69999794      0.79999794      0.89999873               1          0.3575
              0      0.10000116      0.20000188      0.30000188      0.40000116             0.5      0.59999884      0.69999812      0.79999812      0.89999884               1            0.36
              0      0.10000106      0.20000172      0.30000172      0.40000106             0.5      0.59999894      0.69999828      0.79999828      0.89999894               1          0.3625
              0      0.10000097      0.20000157      0.30000157      0.40000097             0.5      0.59999903      0.69999843      0.79999843      0.89999903               1           0.365
              0      0.10000088      0.20000143      0.30000143      0.40000088             0.5      0.59999912      0.69999857      0.79999857      0.89999912               1          0.3675
              0      0.10000081      0.20000131      0.30000131      0.40000081             0.5      0.59999919      0.69999869      0.79999869      0.89999919               1            0.37
              0      0.10000074      0.20000119      0.30000119      0.40000074             0.5      0.59999926      0.69999881      0.79999881      0.89999926               1          0.3725
              0      0.10000067      0.20000109      0.30000109      0.40000067             0.5      0.59999933      0.69999891      0.79999891      0.89999933               1           0.375
              0      0.10000061      0.20000099      0.30000099      0.40000061             0.5      0.59999939      0.69999901      0.79999901      0.89999939               1          0.3775
              0      0.10000056      0.20000091      0.30000091      0.40000056             0.5      0.59999944      0.69999909      0.79999909      0.89999944               1            0.38
              0      0.10000051      0.20000083      0.30000083      0.40000051             0.5      0.59999949      0.69999917      0.79999917      0.89999949               1          0.3825
              0      0.10000047      0.20000076      0.30000076      0.40000047             0.5      0.59999953      0.69999924      0.79999924      0.89999953               1           0.385
              0      0.10000043      0.20000069      0.30000069      0.40000043             0.5      0.59999957      0.69999931      0.79999931      0.89999957               1          0.3875
              0      0.10000039      0.20000063      0.30000063      0.40000039             0.5      0.59999961      0.69999937      0.79999937      0.89999961               1            0.39
              0      0.10000036      0.20000057      0.30000057      0.40000036             0.5      0.59999964      0.69999943      0.79999943      0.89999964               1          0.3925
              0      0.10000032      0.20000052      0.30000052      0.40000032             0.5      0.59999968      0.69999948      0.79999948      0.89999968               1           0.395
              0       0.1000003      0.20000048      0.30000048       0.4000003             0.5       0.5999997      0.69999952      0.79999952       0.8999997               1          0.3975
              0      0.10000027      0.20000044      0.30000044      0.40000027             0.5      0.59999973      0.69999956      0.79999956      0.89999973               1             0.4
