              0      0.68778525       1.1510565       1.2510565      0.98778525             0.5     0.012214748     -0.25105652     -0.15105652      0.31221475               1               0
              0      0.63421453       1.0643773       1.1643773      0.93421453             0.5      0.06578547     -0.16437727    -0.064377266      0.36578547               1          0.0025
              0      0.58552624      0.98559796        1.085598      0.88552624             0.5      0.11447376    -0.085597959     0.014402041      0.41447376               1           0.005
              0       0.5412754      0.91399859       1.0139986       0.8412754             0.5       0.1587246    -0.013998595     0.086001405       0.4587246               1          0.0075
              0      0.50105758      0.84892479      0.94892479      0.80105758             0.5      0.19894242     0.051075206      0.15107521      0.49894242               1            0.01
              0      0.46450521      0.78978182      0.88978182      0.76450521             0.5      0.23549479      0.11021818      0.21021818      0.53549479               1          0.0125
              0      0.43128422      0.73602913      0.83602913      0.73128422             0.5      0.26871578      0.16397087      0.26397087      0.56871578               1           0.015
              0      0.40109099      0.68717545      0.78717545      0.70109099             0.5      0.29890901      0.21282455      0.31282455      0.59890901               1          0.0175
              0      0.37364957       0.6427743       0.7427743      0.67364957             0.5      0.32635043       0.2572257       0.3572257      0.62635043               1            0.02
              0      0.34870916      0.60241987      0.70241987      0.64870916             0.5      0.35129084      0.29758013      0.39758013      0.65129084               1          0.0225
              0      0.32604182      0.56574334      0.66574334      0.62604182             0.5      0.37395818      0.33425666      0.43425666      0.67395818               1           0.025
              0      0.30544038      0.53240951      0.63240951      0.60544038             0.5      0.39455962      0.36759049      0.46759049      0.69455962               1          0.0275
              0      0.28671655      0.50211372      0.60211372      0.58671655             0.5      0.41328345      0.39788628      0.49788628      0.71328345               1            0.03
              0      0.26969921      0.47457909      0.57457909      0.56969921             0.5      0.43030079      0.42542091      0.52542091      0.73030079               1          0.0325
              0      0.25423283      0.44955396      0.54955396      0.55423283             0.5      0.44576717      0.45044604      0.55044604      0.74576717               1           0.035
              0      0.24017606      0.42680963      0.52680963      0.54017606             0.5      0.45982394      0.47319037      0.57319037      0.75982394               1          0.0375
              0      0.22740042      0.40613821      0.50613821      0.52740042             0.5      0.47259958      0.49386179      0.59386179      0.77259958               1            0.04
              0      0.21578915      0.38735078      0.48735078      0.51578915             0.5      0.48421085      0.51264922      0.61264922      0.78421085               1          0.0425
              0      0.20523613      0.37027564      0.47027564      0.50523613             0.5      0.49476387      0.52972436      0.62972436      0.79476387               1           0.045
              0      0.19564492      0.35475672      0.45475672      0.49564492             0.5      0.50435508      0.54524328      0.64524328      0.80435508               1          0.0475
              0      0.18692784       0.3406522       0.4406522      0.48692784             0.5      0.51307216       0.5593478       0.6593478      0.81307216               1            0.05
              0      0.17900524      0.32783317      0.42783317      0.47900524             0.5      0.52099476      0.57216683      0.67216683      0.82099476               1          0.0525
              0      0.17180471      0.31618246      0.41618246      0.47180471             0.5      0.52819529      0.58381754      0.68381754      0.82819529               1           0.055
              0      0.16526043      0.30559359      0.40559359      0.46526043             0.5      0.53473957      0.59440641      0.69440641      0.83473957               1          0.0575
              0       0.1593126       0.2959698       0.3959698       0.4593126             0.5       0.5406874       0.6040302       0.7040302       0.8406874               1            0.06
              0      0.15390685      0.28722311      0.38722311      0.45390685             0.5      0.54609315      0.61277689      0.71277689      0.84609315               1          0.0625
              0      0.14899378       0.2792736       0.3792736      0.44899378             0.5      0.55100622       0.6207264       0.7207264      0.85100622               1           0.065
              0      0.14452849      0.27204861      0.37204861      0.44452849             0.5      0.55547151      0.62795139      0.72795139      0.85547151               1          0.0675
              0      0.14047017       0.2654821       0.3654821      0.44047017             0.5      0.55952983       0.6345179       0.7345179      0.85952983               1            0.07
              0      0.13678172      0.25951407      0.35951407      0.43678172             0.5      0.56321828      0.64048593      0.74048593      0.86321828               1          0.0725
              0      0.13342943      0.25408996      0.35408996      0.43342943             0.5      0.56657057      0.64591004      0.74591004      0.86657057               1           0.075
              0      0.13038268       0.2491602       0.3491602      0.43038268             0.5      0.56961732       0.6508398       0.7508398      0.86961732               1          0.0775
              0       0.1276136      0.24467974      0.34467974       0.4276136             0.5       0.5723864      0.65532026      0.75532026       0.8723864               1            0.08
              0       0.1250969      0.24060763      0.34060763       0.4250969             0.5       0.5749031      0.65939237      0.75939237       0.8749031               1          0.0825
              0      0.12280957      0.23690665      0.33690665      0.42280957             0.5      0.57719043      0.66309335      0.76309335      0.87719043               1           0.085
              0       0.1207307      0.23354298      0.33354298       0.4207307             0.5       0.5792693      0.66645702      0.76645702       0.8792693               1          0.0875
              0      0.11884131      0.23048588      0.33048588      0.41884131             0.5      0.58115869      0.66951412      0.76951412      0.88115869               1            0.09
              0      0.11712411       0.2277074       0.3277074      0.41712411             0.5      0.58287589       0.6722926       0.7722926      0.88287589               1          0.0925
              0      0.11556342      0.22518215      0.32518215      0.41556342             0.5      0.58443658      0.67481785      0.77481785      0.88443658               1           0.095
              0      0.11414497      0.22288705      0.32288705      0.41414497             0.5      0.58585503      0.67711295      0.77711295      0.88585503               1          0.0975
              0       0.1128558      0.22080112      0.32080112       0.4128558             0.5       0.5871442      0.67919888      0.77919888       0.8871442               1             0.1
              0      0.11168412      0.21890531      0.31890531      0.41168412             0.5      0.58831588      0.68109469      0.78109469      0.88831588               1          0.1025
              0      0.11061923      0.21718228      0.31718228      0.41061923             0.5      0.58938077      0.68281772      0.78281772      0.88938077               1           0.105
              0       0.1096514      0.21561629      0.31561629       0.4096514             0.5       0.5903486      0.68438371      0.78438371       0.8903486               1          0.1075
              0      0.10877177      0.21419302      0.31419302      0.40877177             0.5      0.59122823      0.68580698      0.78580698      0.89122823               1            0.11
              0      0.10797231      0.21289947      0.31289947      0.40797231             0.5      0.59202769      0.68710053      0.78710053      0.89202769               1          0.1125
              0      0.10724571      0.21172381      0.31172381      0.40724571             0.5      0.59275429      0.68827619      0.78827619      0.89275429               1           0.115
              0      0.10658534       0.2106553       0.3106553      0.40658534             0.5      0.59341466       0.6893447       0.7893447      0.89341466               1          0.1175
              0      0.10598515      0.20968418      0.30968418      0.40598515             0.5      0.59401485      0.69031582      0.79031582      0.89401485               1            0.12
              0      0.10543967      0.20880156      0.30880156      0.40543967             0.5      0.59456033      0.69119844      0.79119844      0.89456033               1          0.1225
              0      0.10494389      0.20799939      0.30799939      0.40494389             0.5      0.59505611      0.69200061      0.79200061      0.89505611               1           0.125
              0      0.10449331      0.20727033      0.30727033      0.40449331             0.5      0.59550669      0.69272967      0.79272967      0.89550669               1          0.1275
              0      0.10408379      0.20660771      0.30660771      0.40408379             0.5      0.59591621      0.69339229      0.79339229      0.89591621               1            0.13
              0      0.10371159      0.20600548      0.30600548      0.40371159             0.5      0.59628841      0.69399452      0.79399452      0.89628841               1          0.1325
              0      0.10337332      0.20545814      0.30545814      0.40337332             0.5      0.59662668      0.69454186      0.79454186      0.89662668               1           0.135
              0      0.10306587      0.20496069      0.30496069      0.40306587             0.5      0.59693413      0.69503931      0.79503931      0.89693413               1          0.1375
              0      0.10278645      0.20450857      0.30450857      0.40278645             0.5      0.59721355      0.69549143      0.79549143      0.89721355               1            0.14
              0      0.10253249      0.20409766      0.30409766      0.40253249             0.5      0.59746751      0.69590234      0.79590234      0.89746751               1          0.1425
              0      0.10230168       0.2037242       0.3037242      0.40230168             0.5      0.59769832       0.6962758       0.7962758      0.89769832               1           0.145
              0      0.10209191      0.20338478      0.30338478      0.40209191             0.5      0.59790809      0.69661522      0.79661522      0.89790809               1          0.1475
              0      0.10190125      0.20307629      0.30307629      0.40190125             0.5      0.59809875      0.69692371      0.79692371      0.89809875               1            0.15
              0      0.10172797      0.20279592      0.30279592      0.40172797             0.5      0.59827203      0.69720408      0.79720408      0.89827203               1          0.1525
              0      0.10157048       0.2025411       0.3025411      0.40157048             0.5      0.59842952       0.6974589       0.7974589      0.89842952               1           0.155
              0      0.10142735       0.2023095       0.3023095      0.40142735             0.5      0.59857265       0.6976905       0.7976905      0.89857265               1          0.1575
              0      0.10129726      0.20209901      0.30209901      0.40129726             0.5      0.59870274      0.69790099      0.79790099      0.89870274               1            0.16
              0      0.10117903      0.20190771      0.30190771      0.40117903             0.5      0.59882097      0.69809229      0.79809229      0.89882097               1          0.1625
              0      0.10107157      0.20173384      0.30173384      0.40107157             0.5      0.59892843      0.69826616      0.79826616      0.89892843               1           0.165
              0      0.10097391      0.20157582      0.30157582      0.40097391             0.5      0.59902609      0.69842418      0.79842418      0.89902609               1          0.1675
              0      0.10088515       0.2014322       0.3014322      0.40088515             0.5      0.59911485       0.6985678       0.7985678      0.89911485               1            0.17
              0      0.10080447      0.20130167      0.30130167      0.40080447             0.5      0.59919553      0.69869833      0.79869833      0.89919553               1          0.1725
              0      0.10073115      0.20118303      0.30118303      0.40073115             0.5      0.59926885      0.69881697      0.79881697      0.89926885               1           0.175
              0      0.10066452      0.20107521      0.30107521      0.40066452             0.5      0.59933548      0.69892479      0.79892479      0.89933548               1          0.1775
              0      0.10060395      0.20097722      0.30097722      0.40060395             0.5      0.59939605      0.69902278      0.79902278      0.89939605               1            0.18
              0      0.10054891      0.20088815      0.30088815      0.40054891             0.5      0.59945109      0.69911185      0.79911185      0.89945109               1          0.1825
              0      0.10049888      0.20080721      0.30080721      0.40049888             0.5      0.59950112      0.69919279      0.79919279      0.89950112               1           0.185
              0      0.10045341      0.20073364      0.30073364      0.40045341             0.5      0.59954659      0.69926636      0.79926636      0.89954659               1          0.1875
              0      0.10041209      0.20066677      0.30066677      0.40041209             0.5      0.59958791      0.69933323      0.79933323      0.89958791               1            0.19
              0      0.10037453        0.200606        0.300606      0.40037453             0.5      0.59962547        0.699394        0.799394      0.89962547               1          0.1925
              0       0.1003404      0.20055077      0.30055077       0.4003404             0.5       0.5996596      0.69944923      0.79944923       0.8996596               1           0.195
              0      0.10030937      0.20050058      0.30050058      0.40030937             0.5      0.59969063      0.69949942      0.79949942      0.89969063               1          0.1975
              0      0.10028118      0.20045495      0.30045495      0.40028118             0.5      0.59971882      0.69954505      0.79954505      0.89971882               1             0.2
              0      0.10025555      0.20041349      0.30041349      0.40025555             0.5      0.59974445      0.69958651      0.79958651      0.89974445               1          0.2025
              0      0.10023226       0.2003758       0.3003758      0.40023226             0.5      0.59976774       0.6996242       0.7996242      0.89976774               1           0.205
              0      0.10021109      0.20034155      0.30034155      0.40021109             0.5      0.59978891      0.69965845      0.79965845      0.89978891               1          0.2075
              0      0.10019185      0.20031042      0.30031042      0.40019185             0.5      0.59980815      0.69968958      0.79968958      0.89980815               1            0.21
              0      0.10017437      0.20028213      0.30028213      0.40017437             0.5      0.59982563      0.69971787      0.79971787      0.89982563               1          0.2125
              0      0.10015848      0.20025642      0.30025642      0.40015848             0.5      0.59984152      0.69974358      0.79974358      0.89984152               1           0.215
              0      0.10014403      0.20023305      0.30023305      0.40014403             0.5      0.59985597      0.69976695      0.79976695      0.89985597               1          0.2175
              0       0.1001309      0.20021181      0.30021181       0.4001309             0.5       0.5998691      0.69978819      0.79978819       0.8998691               1            0.22
              0      0.10011897       0.2001925       0.3001925      0.40011897             0.5      0.59988103       0.6998075       0.7998075      0.89988103               1          0.2225
              0      0.10010813      0.20017496      0.30017496      0.40010813             0.5      0.59989187      0.69982504      0.79982504      0.89989187               1           0.225
              0      0.10009828      0.20015901      0.30015901      0.40009828             0.5      0.59990172      0.69984099      0.79984099      0.89990172               1          0.2275
              0      0.10008932      0.20014452      0.30014452      0.40008932             0.5      0.59991068      0.69985548      0.79985548      0.89991068               1            0.23
              0      0.10008118      0.20013135      0.30013135      0.40008118             0.5      0.59991882      0.69986865      0.79986865      0.89991882               1          0.2325
              0      0.10007378      0.20011938      0.30011938      0.40007378             0.5      0.59992622      0.69988062      0.79988062      0.89992622               1           0.235
              0      0.10006706       0.2001085       0.3001085      0.40006706             0.5      0.59993294       0.6998915       0.7998915      0.89993294               1          0.2375
              0      0.10006094      0.20009861      0.30009861      0.40006094             0.5      0.59993906      0.69990139      0.79990139      0.89993906               1            0.24
              0      0.10005539      0.20008962      0.30008962      0.40005539             0.5      0.59994461      0.69991038      0.79991038      0.89994461               1          0.2425
              0      0.10005034      0.20008145      0.30008145      0.40005034             0.5      0.59994966      0.69991855      0.79991855      0.89994966               1           0.245
              0      0.10004575      0.20007403      0.30007403      0.40004575             0.5      0.59995425      0.69992597      0.79992597      0.89995425               1          0.2475
              0      0.10004158      0.20006728      0.30006728      0.40004158             0.5      0.59995842      0.69993272      0.79993272      0.89995842               1            0.25
              0      0.10003779      0.20006115      0.30006115      0.40003779             0.5      0.59996221      0.69993885      0.79993885      0.89996221               1          0.2525
              0      0.10003435      0.20005558      0.30005558      0.40003435             0.5      0.59996565      0.69994442      0.79994442      0.89996565               1           0.255
              0      0.10003122      0.20005051      0.30005051      0.40003122             0.5      0.59996878      0.69994949      0.79994949      0.89996878               1          0.2575
              0      0.10002837      0.20004591      0.30004591      0.40002837             0.5      0.59997163      0.69995409      0.79995409      0.89997163               1            0.26
              0      0.10002579      0.20004172      0.30004172      0.40002579             0.5      0.59997421      0.69995828      0.79995828      0.89997421               1          0.2625
              0      0.10002344      0.20003792      0.30003792      0.40002344             0.5      0.59997656      0.69996208      0.79996208      0.89997656               1           0.265
              0       0.1000213      0.20003447      0.30003447       0.4000213             0.5       0.5999787      0.69996553      0.79996553       0.8999787               1          0.2675
              0      0.10001936      0.20003132      0.30003132      0.40001936             0.5      0.59998064      0.69996868      0.79996868      0.89998064               1            0.27
              0       0.1000176      0.20002847      0.30002847       0.4000176             0.5       0.5999824      0.69997153      0.79997153       0.8999824               1          0.2725
              0      0.10001599      0.20002587      0.30002587      0.40001599             0.5      0.59998401      0.69997413      0.79997413      0.89998401               1           0.275
              0      0.10001453      0.20002352      0.30002352      0.40001453             0.5      0.59998547      0.69997648      0.79997648      0.89998547               1          0.2775
              0      0.10001321      0.20002137      0.30002137      0.40001321             0.5      0.59998679      0.69997863      0.79997863      0.89998679               1            0.28
              0      0.10001201      0.20001943      0.30001943      0.40001201             0.5      0.59998799      0.69998057      0.79998057      0.89998799               1          0.2825
              0      0.10001091      0.20001765      0.30001765      0.40001091             0.5      0.59998909      0.69998235      0.79998235      0.89998909               1           0.285
              0      0.10000992      0.20001605      0.30001605      0.40000992             0.5      0.59999008      0.69998395      0.79998395      0.89999008               1          0.2875
              0      0.10000901      0.20001458      0.30001458      0.40000901             0.5      0.59999099      0.69998542      0.79998542      0.89999099               1            0.29
              0      0.10000819      0.20001325      0.30001325      0.40000819             0.5      0.59999181      0.69998675      0.79998675      0.89999181               1          0.2925
              0      0.10000745      0.20001205      0.30001205      0.40000745             0.5      0.59999255      0.69998795      0.79998795      0.89999255               1           0.295
              0      0.10000677      0.20001095      0.30001095      0.40000677             0.5      0.59999323      0.69998905      0.79998905      0.89999323               1          0.2975
              0      0.10000615      0.20000995      0.30000995      0.40000615             0.5      0.59999385      0.69999005      0.79999005      0.89999385               1             0.3
              0      0.10000559      0.20000904      0.30000904      0.40000559             0.5      0.59999441      0.69999096      0.79999096      0.89999441               1          0.3025
              0      0.10000508      0.20000822      0.30000822      0.40000508             0.5      0.59999492      0.69999178      0.79999178      0.89999492               1           0.305
              0      0.10000462      0.20000747      0.30000747      0.40000462             0.5      0.59999538      0.69999253      0.79999253      0.89999538               1          0.3075
              0       0.1000042      0.20000679      0.30000679       0.4000042             0.5       0.5999958      0.69999321      0.79999321       0.8999958               1            0.31
              0      0.10000381      0.20000617      0.30000617      0.40000381             0.5      0.59999619      0.69999383      0.79999383      0.89999619               1          0.3125
              0      0.10000347      0.20000561      0.30000561      0.40000347             0.5      0.59999653      0.69999439      0.79999439      0.89999653               1           0.315
              0      0.10000315       0.2000051       0.3000051      0.40000315             0.5      0.59999685       0.6999949       0.7999949      0.89999685               1          0.3175
              0      0.10000286      0.20000463      0.30000463      0.40000286             0.5      0.59999714      0.69999537      0.79999537      0.89999714               1            0.32
              0       0.1000026      0.20000421      0.30000421       0.4000026             0.5       0.5999974      0.69999579      0.79999579       0.8999974               1          0.3225
              0      0.10000236      0.20000383      0.30000383      0.40000236             0.5      0.59999764      0.69999617      0.79999617      0.89999764               1           0.325
              0      0.10000215      0.20000348      0.30000348      0.40000215             0.5      0.59999785      0.69999652      0.79999652      0.89999785               1          0.3275
              0      0.10000195      0.20000316      0.30000316      0.40000195             0.5      0.59999805      0.69999684      0.79999684      0.89999805               1            0.33
              0      0.10000178      0.20000287      0.30000287      0.40000178             0.5      0.59999822      0.69999713      0.79999713      0.89999822               1          0.3325
              0      0.10000161      0.20000261      0.30000261      0.40000161             0.5      0.59999839      0.69999739      0.79999739      0.89999839               1           0.335
              0      0.10000147      0.20000237      0.30000237      0.40000147             0.5      0.59999853      0.69999763      0.79999763      0.89999853               1          0.3375
              0      0.10000133      0.20000216      0.30000216      0.40000133             0.5      0.59999867      0.69999784      0.79999784      0.89999867               1            0.34
              0      0.10000121      0.20000196      0.30000196      0.40000121             0.5      0.59999879      0.69999804      0.79999804      0.89999879               1          0.3425
              0       0.1000011      0.20000178      0.30000178       0.4000011             0.5       0.5999989      0.69999822      0.79999822       0.8999989               1           0.345
              0        0.100001      0.20000162      0.30000162        0.400001             0.5        0.599999      0.69999838      0.79999838        0.899999               1          0.3475
              0      0.10000091      0.20000147      0.30000147      0.40000091             0.5      0.59999909      0.69999853      0.79999853      0.89999909               1            0.35
              0      0.10000083      0.20000134      0.30000134      0.40000083             0.5      0.59999917      0.69999866      0.79999866      0.89999917               1          0.3525
              0      0.10000075      0.20000122      0.30000122      0.40000075             0.5      0.59999925      0.69999878      0.79999878      0.89999925               1           0.355
              0      0.10000068       0.2000011       0.3000011      0.40000068             0.5      0.59999932       0.6999989       0.7999989      0.89999932               1          0.3575
              0      0.10000062        0.200001        0.300001      0.40000062             0.5      0.59999938        0.699999        0.799999      0.89999938               1            0.36
              0      0.10000056      0.20000091      0.30000091      0.40000056             0.5      0.59999944      0.69999909      0.79999909      0.89999944               1          0.3625
              0      0.10000051      0.20000083      0.30000083      0.40000051             0.5      0.59999949      0.69999917      0.79999917      0.89999949               1           0.365
              0      0.10000047      0.20000075      0.30000075      0.40000047             0.5      0.59999953      0.69999925      0.79999925      0.89999953               1          0.3675
              0      0.10000042      0.20000069      0.30000069      0.40000042             0.5      0.59999958      0.69999931      0.79999931      0.89999958               1            0.37
              0      0.10000038      0.20000062      0.30000062      0.40000038             0.5      0.59999962      0.69999938      0.79999938      0.89999962               1          0.3725
              0      0.10000035      0.20000057      0.30000057      0.40000035             0.5      0.59999965      0.69999943      0.79999943      0.89999965               1           0.375
              0      0.10000032      0.20000051      0.30000051      0.40000032             0.5      0.59999968      0.69999949      0.79999949      0.89999968               1          0.3775
              0      0.10000029      0.20000047      0.30000047      0.40000029             0.5      0.59999971      0.69999953      0.79999953      0.89999971               1            0.38
              0      0.10000026      0.20000042      0.30000042      0.40000026             0.5      0.59999974      0.69999958      0.79999958      0.89999974               1          0.3825
              0      0.10000024      0.20000039      0.30000039      0.40000024             0.5      0.59999976      0.69999961      0.79999961      0.89999976               1           0.385
              0      0.10000022      0.20000035      0.30000035      0.40000022             0.5      0.59999978      0.69999965      0.79999965      0.89999978               1          0.3875
              0       0.1000002      0.20000032      0.30000032       0.4000002             0.5       0.5999998      0.69999968      0.79999968       0.8999998               1            0.39
              0      0.10000018      0.20000029      0.30000029      0.40000018             0.5      0.59999982      0.69999971      0.79999971      0.89999982               1          0.3925
              0      0.10000016      0.20000026      0.30000026      0.40000016             0.5      0.59999984      0.69999974      0.79999974      0.89999984               1           0.395
              0      0.10000015      0.20000024      0.30000024      0.40000015             0.5      0.59999985      0.69999976      0.79999976      0.89999985               1          0.3975
              0      0.10000013      0.20000022      0.30000022      0.40000013             0.5      0.59999987      0.69999978      0.79999978      0.89999987               1             0.4
