              0      0.68778525       1.1510565       1.2510565      0.98778525             0.5     0.012214748     -0.25105652     -0.15105652      0.31221475               1               0
              0      0.63165676       1.0602387       1.1602387      0.93165676             0.5     0.068343245      -0.1602387      -0.0602387      0.36834324               1          0.0025
              0      0.58088805      0.97809321       1.0780932      0.88088805             0.5      0.11911195    -0.078093214     0.021906786      0.41911195               1           0.005
              0      0.53496733      0.90379192       1.0037919      0.83496733             0.5      0.16503267   -0.0037919237     0.096208076      0.46503267               1          0.0075
              0      0.49343165      0.83658578      0.93658578      0.79343165             0.5      0.20656835     0.063414225      0.16341422      0.50656835               1            0.01
              0      0.45586227      0.77579724      0.87579724      0.75586227             0.5      0.24413773      0.12420276      0.22420276      0.54413773               1          0.0125
              0      0.42188044       0.7208135       0.8208135      0.72188044             0.5      0.27811956       0.1791865       0.2791865      0.57811956               1           0.015
              0       0.3911436      0.67108024      0.77108024       0.6911436             0.5       0.3088564      0.22891976      0.32891976       0.6088564               1          0.0175
              0      0.36334186      0.62609608      0.72609608      0.66334186             0.5      0.33665814      0.27390392      0.37390392      0.63665814               1            0.02
              0      0.33819495      0.58540752      0.68540752      0.63819495             0.5      0.36180505      0.31459248      0.41459248      0.66180505               1          0.0225
              0      0.31544935      0.54860438      0.64860438      0.61544935             0.5      0.38455065      0.35139562      0.45139562      0.68455065               1           0.025
              0      0.29487577      0.51531562      0.61531562      0.59487577             0.5      0.40512423      0.38468438      0.48468438      0.70512423               1          0.0275
              0      0.27626679      0.48520566      0.58520566      0.57626679             0.5      0.42373321      0.41479434      0.51479434      0.72373321               1            0.03
              0      0.25943481      0.45797094      0.55797094      0.55943481             0.5      0.44056519      0.44202906      0.54202906      0.74056519               1          0.0325
              0      0.24421014      0.43333691      0.53333691      0.54421014             0.5      0.45578986      0.46666309      0.56666309      0.75578986               1           0.035
              0       0.2304393      0.41105522      0.51105522       0.5304393             0.5       0.4695607      0.48894478      0.58894478       0.7695607               1          0.0375
              0      0.21798345      0.39090124      0.49090124      0.51798345             0.5      0.48201655      0.50909876      0.60909876      0.78201655               1            0.04
              0      0.20671704      0.37267179      0.47267179      0.50671704             0.5      0.49328296      0.52732821      0.62732821      0.79328296               1          0.0425
              0      0.19652647       0.3561831       0.4561831      0.49652647             0.5      0.50347353       0.5438169       0.6438169      0.80347353               1           0.045
              0      0.18730901      0.34126894      0.44126894      0.48730901             0.5      0.51269099      0.55873106      0.65873106      0.81269099               1          0.0475
              0      0.17897174      0.32777896      0.42777896      0.47897174             0.5      0.52102826      0.57222104      0.67222104      0.82102826               1            0.05
              0      0.17143061      0.31557715      0.41557715      0.47143061             0.5      0.52856939      0.58442285      0.68442285      0.82856939               1          0.0525
              0      0.16460959      0.30454052      0.40454052      0.46460959             0.5      0.53539041      0.59545948      0.69545948      0.83539041               1           0.055
              0      0.15843993      0.29455779      0.39455779      0.45843993             0.5      0.54156007      0.60544221      0.70544221      0.84156007               1          0.0575
              0      0.15285941      0.28552832      0.38552832      0.45285941             0.5      0.54714059      0.61447168      0.71447168      0.84714059               1            0.06
              0      0.14781179      0.27736109      0.37736109      0.44781179             0.5      0.55218821      0.62263891      0.72263891      0.85218821               1          0.0625
              0      0.14324617      0.26997377      0.36997377      0.44324617             0.5      0.55675383      0.63002623      0.73002623      0.85675383               1           0.065
              0      0.13911652      0.26329187      0.36329187      0.43911652             0.5      0.56088348      0.63670813      0.73670813      0.86088348               1          0.0675
              0      0.13538123      0.25724803      0.35724803      0.43538123             0.5      0.56461877      0.64275197      0.74275197      0.86461877               1            0.07
              0      0.13200262      0.25178133      0.35178133      0.43200262             0.5      0.56799738      0.64821867      0.74821867      0.86799738               1          0.0725
              0      0.12894664      0.24683665      0.34683665      0.42894664             0.5      0.57105336      0.65316335      0.75316335      0.87105336               1           0.075
              0      0.12618249      0.24236415      0.34236415      0.42618249             0.5      0.57381751      0.65763585      0.75763585      0.87381751               1          0.0775
              0      0.12368228      0.23831873      0.33831873      0.42368228             0.5      0.57631772      0.66168127      0.76168127      0.87631772               1            0.08
              0      0.12142082      0.23465962      0.33465962      0.42142082             0.5      0.57857918      0.66534038      0.76534038      0.87857918               1          0.0825
              0      0.11937532      0.23134992      0.33134992      0.41937532             0.5      0.58062468      0.66865008      0.76865008      0.88062468               1           0.085
              0      0.11752514      0.22835627      0.32835627      0.41752514             0.5      0.58247486      0.67164373      0.77164373      0.88247486               1          0.0875
              0      0.11585164      0.22564849      0.32564849      0.41585164             0.5      0.58414836      0.67435151      0.77435151      0.88414836               1            0.09
              0      0.11433794      0.22319928      0.32319928      0.41433794             0.5      0.58566206      0.67680072      0.77680072      0.88566206               1          0.0925
              0      0.11296879      0.22098394      0.32098394      0.41296879             0.5      0.58703121      0.67901606      0.77901606      0.88703121               1           0.095
              0      0.11173038      0.21898015      0.31898015      0.41173038             0.5      0.58826962      0.68101985      0.78101985      0.88826962               1          0.0975
              0      0.11061023      0.21716771      0.31716771      0.41061023             0.5      0.58938977      0.68283229      0.78283229      0.88938977               1             0.1
              0      0.10959704      0.21552834      0.31552834      0.40959704             0.5      0.59040296      0.68447166      0.78447166      0.89040296               1          0.1025
              0      0.10868061      0.21404552      0.31404552      0.40868061             0.5      0.59131939      0.68595448      0.78595448      0.89131939               1           0.105
              0      0.10785168      0.21270429      0.31270429      0.40785168             0.5      0.59214832      0.68729571      0.78729571      0.89214832               1          0.1075
              0      0.10710191      0.21149114      0.31149114      0.40710191             0.5      0.59289809      0.68850886      0.78850886      0.89289809               1            0.11
              0      0.10642374      0.21039383      0.31039383      0.40642374             0.5      0.59357626      0.68960617      0.78960617      0.89357626               1          0.1125
              0      0.10581033      0.20940131      0.30940131      0.40581033             0.5      0.59418967      0.69059869      0.79059869      0.89418967               1           0.115
              0      0.10525549      0.20850356      0.30850356      0.40525549             0.5      0.59474451      0.69149644      0.79149644      0.89474451               1          0.1175
              0      0.10475364      0.20769154      0.30769154      0.40475364             0.5      0.59524636      0.69230846      0.79230846      0.89524636               1            0.12
              0       0.1042997      0.20695707      0.30695707       0.4042997             0.5       0.5957003      0.69304293      0.79304293       0.8957003               1          0.1225
              0      0.10388912      0.20629273      0.30629273      0.40388912             0.5      0.59611088      0.69370727      0.79370727      0.89611088               1           0.125
              0      0.10351774      0.20569182      0.30569182      0.40351774             0.5      0.59648226      0.69430818      0.79430818      0.89648226               1          0.1275
              0      0.10318183       0.2051483       0.3051483      0.40318183             0.5      0.59681817       0.6948517       0.7948517      0.89681817               1            0.13
              0      0.10287799      0.20465668      0.30465668      0.40287799             0.5      0.59712201      0.69534332      0.79534332      0.89712201               1          0.1325
              0      0.10260317      0.20421201      0.30421201      0.40260317             0.5      0.59739683      0.69578799      0.79578799      0.89739683               1           0.135
              0      0.10235459       0.2038098       0.3038098      0.40235459             0.5      0.59764541       0.6961902       0.7961902      0.89764541               1          0.1375
              0      0.10212974        0.203446        0.303446      0.40212974             0.5      0.59787026        0.696554        0.796554      0.89787026               1            0.14
              0      0.10192637      0.20311693      0.30311693      0.40192637             0.5      0.59807363      0.69688307      0.79688307      0.89807363               1          0.1425
              0      0.10174242      0.20281929      0.30281929      0.40174242             0.5      0.59825758      0.69718071      0.79718071      0.89825758               1           0.145
              0      0.10157603      0.20255007      0.30255007      0.40157603             0.5      0.59842397      0.69744993      0.79744993      0.89842397               1          0.1475
              0      0.10142553      0.20230656      0.30230656      0.40142553             0.5      0.59857447      0.69769344      0.79769344      0.89857447               1            0.15
              0      0.10128941      0.20208631      0.30208631      0.40128941             0.5      0.59871059      0.69791369      0.79791369      0.89871059               1          0.1525
              0      0.10116628      0.20188708      0.30188708      0.40116628             0.5      0.59883372      0.69811292      0.79811292      0.89883372               1           0.155
              0      0.10105491      0.20170688      0.30170688      0.40105491             0.5      0.59894509      0.69829312      0.79829312      0.89894509               1          0.1575
              0      0.10095418      0.20154389      0.30154389      0.40095418             0.5      0.59904582      0.69845611      0.79845611      0.89904582               1            0.16
              0      0.10086306      0.20139646      0.30139646      0.40086306             0.5      0.59913694      0.69860354      0.79860354      0.89913694               1          0.1625
              0      0.10078065      0.20126311      0.30126311      0.40078065             0.5      0.59921935      0.69873689      0.79873689      0.89921935               1           0.165
              0       0.1007061      0.20114249      0.30114249       0.4007061             0.5       0.5992939      0.69885751      0.79885751       0.8992939               1          0.1675
              0      0.10063867       0.2010334       0.3010334      0.40063867             0.5      0.59936133       0.6989666       0.7989666      0.89936133               1            0.17
              0      0.10057769      0.20093472      0.30093472      0.40057769             0.5      0.59942231      0.69906528      0.79906528      0.89942231               1          0.1725
              0      0.10052252      0.20084546      0.30084546      0.40052252             0.5      0.59947748      0.69915454      0.79915454      0.89947748               1           0.175
              0      0.10047263      0.20076472      0.30076472      0.40047263             0.5      0.59952737      0.69923528      0.79923528      0.89952737               1          0.1775
              0      0.10042749       0.2006917       0.3006917      0.40042749             0.5      0.59957251       0.6993083       0.7993083      0.89957251               1            0.18
              0      0.10038667      0.20062565      0.30062565      0.40038667             0.5      0.59961333      0.69937435      0.79937435      0.89961333               1          0.1825
              0      0.10034975       0.2005659       0.3005659      0.40034975             0.5      0.59965025       0.6994341       0.7994341      0.89965025               1           0.185
              0      0.10031635      0.20051186      0.30051186      0.40031635             0.5      0.59968365      0.69948814      0.79948814      0.89968365               1          0.1875
              0      0.10028614      0.20046299      0.30046299      0.40028614             0.5      0.59971386      0.69953701      0.79953701      0.89971386               1            0.19
              0      0.10025882      0.20041877      0.30041877      0.40025882             0.5      0.59974118      0.69958123      0.79958123      0.89974118               1          0.1925
              0       0.1002341      0.20037879      0.30037879       0.4002341             0.5       0.5997659      0.69962121      0.79962121       0.8997659               1           0.195
              0      0.10021175      0.20034261      0.30034261      0.40021175             0.5      0.59978825      0.69965739      0.79965739      0.89978825               1          0.1975
              0      0.10019153       0.2003099       0.3003099      0.40019153             0.5      0.59980847       0.6996901       0.7996901      0.89980847               1             0.2
              0      0.10017324      0.20028031      0.30028031      0.40017324             0.5      0.59982676      0.69971969      0.79971969      0.89982676               1          0.2025
              0       0.1001567      0.20025354      0.30025354       0.4001567             0.5       0.5998433      0.69974646      0.79974646       0.8998433               1           0.205
              0      0.10014173      0.20022933      0.30022933      0.40014173             0.5      0.59985827      0.69977067      0.79977067      0.89985827               1          0.2075
              0       0.1001282      0.20020743      0.30020743       0.4001282             0.5       0.5998718      0.69979257      0.79979257       0.8998718               1            0.21
              0      0.10011596      0.20018762      0.30018762      0.40011596             0.5      0.59988404      0.69981238      0.79981238      0.89988404               1          0.2125
              0      0.10010488       0.2001697       0.3001697      0.40010488             0.5      0.59989512       0.6998303       0.7998303      0.89989512               1           0.215
              0      0.10009487       0.2001535       0.3001535      0.40009487             0.5      0.59990513       0.6998465       0.7998465      0.89990513               1          0.2175
              0      0.10008581      0.20013884      0.30013884      0.40008581             0.5      0.59991419      0.69986116      0.79986116      0.89991419               1            0.22
              0      0.10007761      0.20012558      0.30012558      0.40007761             0.5      0.59992239      0.69987442      0.79987442      0.89992239               1          0.2225
              0       0.1000702      0.20011359      0.30011359       0.4000702             0.5       0.5999298      0.69988641      0.79988641       0.8999298               1           0.225
              0       0.1000635      0.20010274      0.30010274       0.4000635             0.5       0.5999365      0.69989726      0.79989726       0.8999365               1          0.2275
              0      0.10005744      0.20009293      0.30009293      0.40005744             0.5      0.59994256      0.69990707      0.79990707      0.89994256               1            0.23
              0      0.10005195      0.20008406      0.30008406      0.40005195             0.5      0.59994805      0.69991594      0.79991594      0.89994805               1          0.2325
              0      0.10004699      0.20007603      0.30007603      0.40004699             0.5      0.59995301      0.69992397      0.79992397      0.89995301               1           0.235
              0       0.1000425      0.20006877      0.30006877       0.4000425             0.5       0.5999575      0.69993123      0.79993123       0.8999575               1          0.2375
              0      0.10003844       0.2000622       0.3000622      0.40003844             0.5      0.59996156       0.6999378       0.7999378      0.89996156               1            0.24
              0      0.10003477      0.20005626      0.30005626      0.40003477             0.5      0.59996523      0.69994374      0.79994374      0.89996523               1          0.2425
              0      0.10003145      0.20005089      0.30005089      0.40003145             0.5      0.59996855      0.69994911      0.79994911      0.89996855               1           0.245
              0      0.10002845      0.20004603      0.30004603      0.40002845             0.5      0.59997155      0.69995397      0.79995397      0.89997155               1          0.2475
              0      0.10002573      0.20004164      0.30004164      0.40002573             0.5      0.59997427      0.69995836      0.79995836      0.89997427               1            0.25
              0      0.10002328      0.20003766      0.30003766      0.40002328             0.5      0.59997672      0.69996234      0.79996234      0.89997672               1          0.2525
              0      0.10002105      0.20003406      0.30003406      0.40002105             0.5      0.59997895      0.69996594      0.79996594      0.89997895               1           0.255
              0      0.10001904      0.20003081      0.30003081      0.40001904             0.5      0.59998096      0.69996919      0.79996919      0.89998096               1          0.2575
              0      0.10001722      0.20002787      0.30002787      0.40001722             0.5      0.59998278      0.69997213      0.79997213      0.89998278               1            0.26
              0      0.10001558      0.20002521      0.30002521      0.40001558             0.5      0.59998442      0.69997479      0.79997479      0.89998442               1          0.2625
              0      0.10001409       0.2000228       0.3000228      0.40001409             0.5      0.59998591       0.6999772       0.7999772      0.89998591               1           0.265
              0      0.10001275      0.20002062      0.30002062      0.40001275             0.5      0.59998725      0.69997938      0.79997938      0.89998725               1          0.2675
              0      0.10001153      0.20001865      0.30001865      0.40001153             0.5      0.59998847      0.69998135      0.79998135      0.89998847               1            0.27
              0      0.10001043      0.20001687      0.30001687      0.40001043             0.5      0.59998957      0.69998313      0.79998313      0.89998957               1          0.2725
              0      0.10000943      0.20001526      0.30001526      0.40000943             0.5      0.59999057      0.69998474      0.79998474      0.89999057               1           0.275
              0      0.10000853       0.2000138       0.3000138      0.40000853             0.5      0.59999147       0.6999862       0.7999862      0.89999147               1          0.2775
              0      0.10000772      0.20001249      0.30001249      0.40000772             0.5      0.59999228      0.69998751      0.79998751      0.89999228               1            0.28
              0      0.10000698      0.20001129      0.30001129      0.40000698             0.5      0.59999302      0.69998871      0.79998871      0.89999302               1          0.2825
              0      0.10000631      0.20001022      0.30001022      0.40000631             0.5      0.59999369      0.69998978      0.79998978      0.89999369               1           0.285
              0      0.10000571      0.20000924      0.30000924      0.40000571             0.5      0.59999429      0.69999076      0.79999076      0.89999429               1          0.2875
              0      0.10000517      0.20000836      0.30000836      0.40000517             0.5      0.59999483      0.69999164      0.79999164      0.89999483               1            0.29
              0      0.10000467      0.20000756      0.30000756      0.40000467             0.5      0.59999533      0.69999244      0.79999244      0.89999533               1          0.2925
              0      0.10000423      0.20000684      0.30000684      0.40000423             0.5      0.59999577      0.69999316      0.79999316      0.89999577               1           0.295
              0      0.10000382      0.20000618      0.30000618      0.40000382             0.5      0.59999618      0.69999382      0.79999382      0.89999618               1          0.2975
              0      0.10000346      0.20000559      0.30000559      0.40000346             0.5      0.59999654      0.69999441      0.79999441      0.89999654               1             0.3
              0      0.10000313      0.20000506      0.30000506      0.40000313             0.5      0.59999687      0.69999494      0.79999494      0.89999687               1          0.3025
              0      0.10000283      0.20000458      0.30000458      0.40000283             0.5      0.59999717      0.69999542      0.79999542      0.89999717               1           0.305
              0      0.10000256      0.20000414      0.30000414      0.40000256             0.5      0.59999744      0.69999586      0.79999586      0.89999744               1          0.3075
              0      0.10000231      0.20000374      0.30000374      0.40000231             0.5      0.59999769      0.69999626      0.79999626      0.89999769               1            0.31
              0      0.10000209      0.20000339      0.30000339      0.40000209             0.5      0.59999791      0.69999661      0.79999661      0.89999791               1          0.3125
              0      0.10000189      0.20000306      0.30000306      0.40000189             0.5      0.59999811      0.69999694      0.79999694      0.89999811               1           0.315
              0      0.10000171      0.20000277      0.30000277      0.40000171             0.5      0.59999829      0.69999723      0.79999723      0.89999829               1          0.3175
              0      0.10000155      0.20000251      0.30000251      0.40000155             0.5      0.59999845      0.69999749      0.79999749      0.89999845               1            0.32
              0       0.1000014      0.20000227      0.30000227       0.4000014             0.5       0.5999986      0.69999773      0.79999773       0.8999986               1          0.3225
              0      0.10000127      0.20000205      0.30000205      0.40000127             0.5      0.59999873      0.69999795      0.79999795      0.89999873               1           0.325
              0      0.10000115      0.20000185      0.30000185      0.40000115             0.5      0.59999885      0.69999815      0.79999815      0.89999885               1          0.3275
              0      0.10000104      0.20000168      0.30000168      0.40000104             0.5      0.59999896      0.69999832      0.79999832      0.89999896               1            0.33
              0      0.10000094      0.20000152      0.30000152      0.40000094             0.5      0.59999906      0.69999848      0.79999848      0.89999906               1          0.3325
              0      0.10000085      0.20000137      0.30000137      0.40000085             0.5      0.59999915      0.69999863      0.79999863      0.89999915               1           0.335
              0      0.10000077      0.20000124      0.30000124      0.40000077             0.5      0.59999923      0.69999876      0.79999876      0.89999923               1          0.3375
              0      0.10000069      0.20000112      0.30000112      0.40000069             0.5      0.59999931      0.69999888      0.79999888      0.89999931               1            0.34
              0      0.10000063      0.20000102      0.30000102      0.40000063             0.5      0.59999937      0.69999898      0.79999898      0.89999937               1          0.3425
              0      0.10000057      0.20000092      0.30000092      0.40000057             0.5      0.59999943      0.69999908      0.79999908      0.89999943               1           0.345
              0      0.10000051      0.20000083      0.30000083      0.40000051             0.5      0.59999949      0.69999917      0.79999917      0.89999949               1          0.3475
              0      0.10000046      0.20000075      0.30000075      0.40000046             0.5      0.59999954      0.69999925      0.79999925      0.89999954               1            0.35
              0      0.10000042      0.20000068      0.30000068      0.40000042             0.5      0.59999958      0.69999932      0.79999932      0.89999958               1          0.3525
              0      0.10000038      0.20000061      0.30000061      0.40000038             0.5      0.59999962      0.69999939      0.79999939      0.89999962               1           0.355
              0      0.10000034      0.20000056      0.30000056      0.40000034             0.5      0.59999966      0.69999944      0.79999944      0.89999966               1          0.3575
              0      0.10000031       0.2000005       0.3000005      0.40000031             0.5      0.59999969       0.6999995       0.7999995      0.89999969               1            0.36
              0      0.10000028      0.20000046      0.30000046      0.40000028             0.5      0.59999972      0.69999954      0.79999954      0.89999972               1          0.3625
              0      0.10000025      0.20000041      0.30000041      0.40000025             0.5      0.59999975      0.69999959      0.79999959      0.89999975               1           0.365
              0      0.10000023      0.20000037      0.30000037      0.40000023             0.5      0.59999977      0.69999963      0.79999963      0.89999977               1          0.3675
              0      0.10000021      0.20000034      0.30000034      0.40000021             0.5      0.59999979      0.69999966      0.79999966      0.89999979               1            0.37
              0      0.10000019       0.2000003       0.3000003      0.40000019             0.5      0.59999981       0.6999997       0.7999997      0.89999981               1          0.3725
              0      0.10000017      0.20000028      0.30000028      0.40000017             0.5      0.59999983      0.69999972      0.79999972      0.89999983               1           0.375
              0      0.10000015      0.20000025      0.30000025      0.40000015             0.5      0.59999985      0.69999975      0.79999975      0.89999985               1          0.3775
              0      0.10000014      0.20000023      0.30000023      0.40000014             0.5      0.59999986      0.69999977      0.79999977      0.89999986               1            0.38
              0      0.10000013       0.2000002       0.3000002      0.40000013             0.5      0.59999987       0.6999998       0.7999998      0.89999987               1          0.3825
              0      0.10000011      0.20000018      0.30000018      0.40000011             0.5      0.59999989      0.69999982      0.79999982      0.89999989               1           0.385
              0       0.1000001      0.20000017      0.30000017       0.4000001             0.5       0.5999999      0.69999983      0.79999983       0.8999999               1          0.3875
              0      0.10000009      0.20000015      0.30000015      0.40000009             0.5      0.59999991      0.69999985      0.79999985      0.89999991               1            0.39
              0      0.10000008      0.20000014      0.30000014      0.40000008             0.5      0.59999992      0.69999986      0.79999986      0.89999992               1          0.3925
              0      0.10000008      0.20000012      0.30000012      0.40000008             0.5      0.59999992      0.69999988      0.79999988      0.89999992               1           0.395
              0      0.10000007      0.20000011      0.30000011      0.40000007             0.5      0.59999993      0.69999989      0.79999989      0.89999993               1          0.3975
              0      0.10000006       0.2000001       0.3000001      0.40000006             0.5      0.59999994       0.6999999       0.7999999      0.89999994               1             0.4
